Difference_in_likelihood
84208.65782
81919.56761
81760.90669
81628.80647
83360.72853
81615.88901
83787.81182
82904.51691
81949.78387
81538.20637
82993.9893
80746.10239
84019.83768
81838.3821
81468.76162
80435.21496
83608.0785
81356.82834
79372.43182
83067.3308
81399.50931
80795.64894
81662.66045
80505.18361
80591.20191
81919.6898
83044.17712
82115.92072
81776.20432
81725.96027
81258.75195
81559.79908
80117.17769
81652.06296
81936.00631
81929.49666
82748.66828
81323.26095
81972.64196
80883.62796
81533.33586
81253.39768
81232.1037
82709.01251
80468.58612
81135.8743
79833.28173
80452.76286
81305.22248
79629.68211
82231.39131
83001.49663
81074.74281
82307.78549
81483.20612
80993.80702
81690.57301
82246.69276
82189.17957
81050.08209
83061.17674
82967.23164
78857.37082
81800.42214
82508.71205
81425.00365
82082.53545
82529.28496
81763.27371
83206.77671
83272.37435
83550.71135
79761.20896
81392.05908
82220.33296
83144.36491
81397.13494
80318.5832
80781.36303
84631.23075
79447.27621
80720.30566
81305.98615
82509.91523
82134.84699
81103.63218
84152.4782
82543.28201
80846.49678
81981.6827
81662.09518
82444.84843
83268.59186
83271.20998
80404.81334
81249.75919
81960.72501
83678.17103
82960.80554
80153.45085