Difference_in_likelihood
14271.06515
14926.61573
15488.58684
15374.36575
13922.00787
15058.12952
13681.50313
13374.67472
15896.20961
16070.84603
15302.8498
14775.36339
15746.9757
13476.35744
14614.9716
14357.51014
14142.47439
13211.43754
15917.87938
17136.59477
14404.37815
16348.72792
14430.69049
14750.83427
15423.49757
14418.44888
15577.9121
15890.68385
13704.73368
14668.52005
15239.45545
14118.69691
15212.71098
15044.3258
16814.37039
16412.45115
14858.70872
15562.87067
15103.79167
14772.48721
14272.76616
15012.80911
14836.21872
15695.57242
13844.6777
15396.18528
13878.25535
15636.33573
15447.17008
15660.4657
14250.58156
15677.58516
14569.47968
14623.44828
13010.98013
14595.10891
14408.35356
13946.57111
15158.48796
14420.60749
15398.49835
14732.05714
16631.65279
13252.66436
13994.26147
14758.00997
15367.07119
14974.20061
14672.13436
12715.8796
14698.98121
14150.45259
15397.18554
15864.66515
14693.85251
14215.51162
15621.28195
15100.05874
14079.60294
14129.82533
14564.72222
15309.20526
14948.01797
15608.29681
15189.33626
14593.99713
15975.54505
14766.04723
13860.54974
15594.9423
14257.45295
14805.62427
14160.0325
14972.14225
15811.05495
13565.92227
16241.23925
14606.57847
15801.29318
15041.89103