Difference_in_likelihood
37105.88995
37606.04863
34831.17659
39015.36566
36287.01727
37847.06351
37671.39923
37524.91961
38587.49579
39197.36197
38606.84082
39985.78352
39398.58093
38081.35251
37562.74503
38204.51228
35781.39323
37715.792
37729.38342
38009.69014
40140.55542
39778.47933
38746.16566
40480.96288
40554.2906
37600.8615
37151.48495
41270.46433
38828.73402
38435.82631
40927.12619
40447.67947
42078.41256
41700.2279
38476.32862
39627.37484
35777.35622
38640.22937
37121.36333
40721.87437
39793.99286
37314.83397
38058.45376
39527.68672
39851.54974
40871.80777
36989.3752
40230.02567
38143.08968
37655.20237
40602.18515
40638.77213
39427.5568
38616.20219
39567.80636
39207.53696
39293.78294
36485.30207
38260.17739
39267.92184
36447.30695
38089.14263
37080.38983
36470.52355
40460.64237
35192.64012
38967.71557
37252.86148
39956.24118
37714.57173
38964.48342
39058.52014
36747.08181
35944.13133
39675.89754
37842.67125
39140.81535
37215.72489
36763.33852
39293.55818
38439.00845
36257.30399
38616.212
39653.97798
40222.28196
37947.83618
39169.18231
39220.04177
39546.39248
37099.60238
37105.25717
39231.41911
37389.4724
43212.48461
37527.37494
40703.17991
39810.26519
41153.40059
35200.79102
38153.58473