Difference_in_likelihood
3977.657414
4028.583941
3903.815859
3830.251646
3984.185055
3724.556185
3933.850412
3763.903859
3692.642102
3931.865458
3586.535837
3261.349351
4077.170139
4288.244718
3920.37413
3817.147142
3744.115835
3941.105027
3813.635409
3783.574435
3876.409033
3855.129246
3564.39471
4589.300674
3376.384826
3866.932487
3818.878621
4470.083786
3944.484307
3354.985463
4038.300401
4016.398159
3650.407012
3886.004454
4158.202718
4019.070158
4230.765989
3987.592473
4007.233005
4204.084844
3608.30231
3436.54179
3718.948258
4179.626226
3937.113996
3581.918372
3578.24479
3733.411006
3666.230342
3505.338209
3388.69441
3983.167725
3635.168335
3886.71648
3601.241675
3602.94821
4086.850495
4103.840325
3514.612373
4047.483841
3391.264579
3873.206422
3821.771965
3764.142301
3664.05265
3619.54382
4482.053002
3965.160623
4175.81586
3732.267608
3600.54716
4009.793362
4036.899456
3955.661001
3938.719199
4285.476221
3354.647842
3688.717852
3496.781282
3410.663865
3890.145728
3635.34587
3959.917893
3754.69178
3473.651832
3708.156236
3908.965244
3705.161747
3146.088649
4017.403168
3313.698332
4436.409657
3733.015258
3590.178017
3510.521146
3856.970582
3431.437427
3916.737845
4194.643749
3227.920604