Difference_in_likelihood
40970.66587
40708.61049
39014.74037
37571.19196
40730.2843
41198.75948
38194.03151
38891.96129
39140.79542
38468.5485
39351.88826
39563.26009
39717.13873
39622.51375
41213.81724
36636.3723
38303.76921
37384.15553
39699.8597
36333.10658
38199.15909
36789.13881
39765.02712
38361.76583
39822.2058
38002.92639
38640.3173
42513.13291
39067.09375
38794.3283
39427.7487
44071.68893
40921.8617
41644.29224
38962.28508
42721.46526
39022.94723
40799.22718
40123.66993
41174.86091
39572.31177
37057.83167
40654.58873
40169.50604
40169.39493
37682.17958
40812.62331
43259.13819
40356.06012
39403.47735
38286.24232
38852.61401
38127.66493
38187.36053
40717.25053
39327.07592
39075.86925
39751.69102
39823.02106
40556.18952
38565.01202
38309.92665
39497.53371
38575.78301
39944.05145
40445.90243
41989.22478
40212.44713
39799.77067
41308.21986
41915.01538
39548.7208
37477.75825
41091.79837
40724.65625
36964.29036
36988.9901
39628.15666
38666.24821
40044.28143
36747.09279
37840.65883
41723.55362
42295.82351
38635.69693
38412.67477
38688.86164
38245.01253
42476.68417
40322.03434
41910.44626
39317.6502
39251.35538
38937.93809
39044.49165
39269.63469
38788.50905
39376.73804
41810.99427
40547.05452