Difference_in_likelihood
15412.7908
15042.015
16951.51379
14404.92149
16035.8331
15718.30636
17011.02286
16809.82903
17554.04225
15703.45974
15883.41215
16453.82073
15544.57412
16344.89112
15514.84601
15551.33522
16020.06895
15844.89729
14833.87455
14772.47452
16803.36058
17000.16287
15545.0784
13685.66752
15443.1896
15453.23522
14961.41553
15237.17687
15148.06423
15537.08728
14195.60478
15482.72686
17215.83825
14991.94234
16494.74543
13514.98594
14358.22126
14897.05376
15386.8862
14353.70555
14292.7423
14742.8292
15402.61252
14717.02177
14190.84087
14934.88636
14841.1159
13914.11822
15916.99607
14886.35011
14572.62025
14395.44652
15909.35767
14349.12341
13514.99761
16236.92005
15834.85623
15948.10212
16585.49629
15426.94227
15416.40994
17947.91529
15108.7483
15711.69577
15944.18345
16327.7198
15256.82534
14080.4105
16205.86083
15770.782
16108.48454
16319.24713
13453.33649
15344.84405
17055.55222
16738.54333
16467.26056
16302.9587
14926.35671
15447.65017
15226.86492
15003.14309
18607.86864
15082.81539
16716.34126
15556.7416
16133.70036
15045.70806
17332.22067
14285.00284
16598.23763
15438.82001
16774.97518
14858.56252
13585.19026
16482.57159
15395.91069
14841.85616
15051.34926
15693.93961