Difference_in_likelihood
4359.148637
4425.468085
4265.978425
4605.723187
4899.787558
4580.143817
5263.335295
4219.478682
3578.182569
4183.566833
4111.422321
4423.8098
4491.920792
3908.991182
4643.992358
4759.223056
4397.184701
4176.041528
4178.302121
4815.238905
4797.677828
4339.658847
4401.993865
4458.489363
4759.310546
4396.854022
4770.946433
3577.482186
5119.40444
4249.741817
4758.653096
4172.470483
4277.488315
4327.442805
4438.505123
5210.949344
4198.68052
4835.686462
4903.081784
4333.048085
4301.224469
4678.978136
4516.164422
4000.583805
4460.790655
4205.733148
4434.205502
4930.443878
4566.484967
4537.562782
4532.536484
4742.032034
4284.625464
3919.655388
4675.538714
4366.628401
4246.650603
4260.228243
3910.953504
3827.759349
4747.167941
4542.351995
4569.330929
5196.532508
4652.724486
4610.160821
4069.686794
4563.126273
4250.985636
4652.429939
4692.060264
4127.844624
4567.98802
4590.042752
3534.122417
4738.860781
4698.354133
4184.556993
4867.968633
4189.493604
4673.49923
4206.984533
4264.698829
4233.269867
3916.854123
4256.018928
4610.614887
4304.772813
4225.460068
4030.930511
4352.320258
4001.47062
4374.348442
4874.663264
4187.518503
4230.929995
3932.163406
4353.653881
4313.048278
4847.1693