Difference_in_likelihood
12142.14948
12154.42701
12220.28687
11929.68462
11917.51694
10870.33352
12080.39435
11994.46185
12468.6934
12622.69577
10999.77553
12691.60583
11639.73664
12089.79067
11417.12859
12077.38899
13125.21434
11953.21125
12668.58588
12204.14337
11703.88757
11741.82662
11339.49054
11406.89726
12591.4344
11859.41347
12683.35708
11485.91909
11783.05362
12798.03796
11926.47325
11455.00288
11842.59581
11589.032
12061.29935
12157.73207
11725.84762
11374.76604
12624.53051
11393.02686
12158.90489
12353.94591
13154.45604
11749.95332
12598.57255
11225.75174
11634.61287
12410.0883
12353.35513
12403.56899
12519.48162
11974.99993
12650.059
11858.18897
11844.75814
10773.62148
13023.50152
11294.86818
12578.89232
11433.85651
11345.0268
11869.89567
12344.02444
12129.50132
12588.35088
11831.61769
11944.85537
12573.26437
11913.67171
12028.86025
10918.43695
11957.54714
12402.87786
13005.69683
12010.00458
10722.42334
11589.63403
10919.08781
11890.13735
12359.4008
11302.38709
12304.4927
11486.18735
11984.82967
12263.51082
11789.31816
12514.7895
12201.00212
11361.10455
11774.79246
11891.1747
11775.39829
13173.87009
11229.70453
13015.64615
10687.80802
12054.30609
11602.63508
11893.81042
11127.06507