Difference_in_likelihood
11362.9134
10559.02789
9917.01134
10697.45552
10393.68248
11375.13468
11387.31857
10682.75506
10472.52767
11379.78486
11364.55143
10382.36862
10119.64667
9389.983482
10206.53394
11410.91105
10327.18546
11388.20623
10660.01465
9729.311426
11803.32706
10577.75298
10210.79486
10046.5416
10204.20721
10467.52275
10206.1765
11110.00643
11183.30471
10485.34684
11055.21062
10732.81591
10103.40136
11225.54093
10496.2627
9814.464266
10325.65363
11956.7105
9525.075065
11137.30658
9870.672097
11406.8087
11676.53466
10761.03631
10904.28642
11262.34747
10858.79221
11333.84447
11250.50303
11097.56573
10509.27701
10269.25128
9984.629557
10978.25912
10633.76305
9767.087243
11085.59136
10486.8144
11182.18092
10786.57306
11140.5984
11499.46918
11180.76041
11323.96328
9769.729432
10893.67557
10286.39573
10411.45983
10124.9262
10066.46192
10614.0459
11122.51241
10226.84252
9722.008659
10741.83564
11305.73182
10554.18458
10783.80212
10743.70725
10523.43338
9983.211498
10476.85856
10513.02723
11297.88908
10345.8193
11599.25806
9581.907106
10168.28361
10446.51369
9962.206526
11950.79061
11106.49629
10754.64517
10070.42397
11038.7315
11002.87127
10169.80347
11660.11392
11359.92808
10709.63207