Difference_in_likelihood
77356.49221
76696.05546
77167.43335
78927.92511
76944.63382
78204.46911
78465.70063
76153.92125
78381.14216
77990.69568
77831.70254
78183.59669
76905.91376
77712.81965
77207.1656
77207.53868
77594.54688
74953.74823
77957.62768
76718.0576
75297.012
77838.29996
77788.84467
77541.84959
76167.34564
76064.35329
78085.70586
77101.2345
76659.58828
76970.11113
74552.86962
75062.05226
75545.53783
78478.22439
76810.15548
76573.59752
76860.90588
77631.58538
77417.31905
76596.68056
75642.96535
76289.90635
78015.29505
78395.65381
77461.78402
78309.23119
76608.5157
78267.30055
76795.69357
75360.5405
75211.98646
78225.19751
77153.42813
78105.57156
74417.99488
79373.96142
76644.3434
74894.42377
77880.4624
74409.08144
76454.22144
75580.80329
78715.85658
78111.68312
78932.70146
75264.65835
76991.80239
75503.11423
78793.07815
77743.2349
78484.88703
76826.26831
76308.70051
78060.94269
78834.4793
77257.00753
76737.24074
75838.10709
77293.76525
76068.60531
75846.06854
79035.9813
79750.96913
76226.76755
77006.82729
76723.66294
76635.6841
75394.69635
74625.87396
75832.82517
75909.80526
78864.99385
77400.77889
78155.00497
77354.32455
75437.56142
76835.26398
77516.42662
77413.82181
75316.79713